Density DEN COO CSR MSR

300 x 300

10 9001  2.412796e-04 3.671646e-05 3.504753e-05 3.433228e-05
20 18001 2.386570e-04 7.319450e-05 6.651878e-05 6.556511e-05
30 27001 3.240108e-04 1.718998e-04 1.673698e-04 1.707077e-04
40 36001 2.708435e-04 1.430511e-04 1.273155e-04 1.261234e-04
50 45001 2.367496e-04 1.788139e-04 1.583099e-04 1.583099e-04
60 54001 2.372265e-04 2.150536e-04 1.909733e-04 1.883507e-04
70 63001 2.369881e-04 2.503395e-04 2.212524e-04 2.219677e-04
80 72001 2.369881e-04 2.865791e-04 2.517700e-04 2.493858e-04
90 81001 2.369881e-04 3.435612e-04 2.810955e-04 2.803802e-04


1000X1000

10 100001 2.792597e-03 4.036427e-04 4.436970e-04 4.124641e-04
20 200001 3.041267e-03 9.033680e-04 7.789135e-04 7.510185e-04
30 300001 2.631187e-03 1.213551e-03 1.072884e-03 1.083851e-03
40 400001 2.646923e-03 1.597404e-03 1.423836e-03 1.423120e-03
50 500001 2.626657e-03 2.001762e-03 1.791000e-03 1.765251e-03
60 600001 2.626896e-03 2.399683e-03 2.106905e-03 2.117634e-03
70 700001 2.645254e-03 2.838373e-03 2.501249e-03 2.452374e-03
80 800001 2.630234e-03 3.212929e-03 2.819538e-03 2.884150e-03
90 900001 2.633810e-03 3.668308e-03 3.163338e-03 3.141165e-03


10000x10000

10 10000001 2.648864e-01 4.111528e-02 3.717589e-02 3.645873e-02
20 20000001 2.728498e-01 8.539987e-02 7.253838e-02 7.350993e-02
30 30000003 2.730341e-01 1.278059e-01 1.057694e-01 1.053841e-01
40 40000001 2.665763e-01 1.610162e-01 1.408350e-01 1.397295e-01
50 50000001 2.638822e-01 2.003345e-01 1.739743e-01 1.734571e-01
60 60000005 2.634952e-01 2.398791e-01 2.079325e-01 2.077014e-01
70 70000001 2.656169e-01 2.817354e-01 2.431393e-01 2.472057e-01
80 80000001 2.645547e-01 3.261983e-01 2.777326e-01 2.781413e-01
90 90000001 2.640336e-01 3.605847e-01 3.125665e-01 3.130150e-01




